0.1	-2.2026
0.101	-2.19693
0.102	-2.19125
0.103	-2.18558
0.104	-2.17991
0.105	-2.17424
0.106	-2.16856
0.107	-2.16289
0.108	-2.15722
0.109	-2.15155
0.11	-2.14587
0.111	-2.1402
0.112	-2.13453
0.113	-2.12886
0.114	-2.12319
0.115	-2.11752
0.116	-2.11185
0.117	-2.10618
0.118	-2.10051
0.119	-2.09484
0.12	-2.08917
0.121	-2.08351
0.122	-2.07784
0.123	-2.07217
0.124	-2.06651
0.125	-2.06084
0.126	-2.05518
0.127	-2.04951
0.128	-2.04385
0.129	-2.03818
0.13	-2.03252
0.131	-2.02686
0.132	-2.0212
0.133	-2.01554
0.134	-2.00988
0.135	-2.00422
0.136	-1.99856
0.137	-1.99291
0.138	-1.98725
0.139	-1.9816
0.14	-1.97594
0.141	-1.97029
0.142	-1.96464
0.143	-1.95899
0.144	-1.95334
0.145	-1.94769
0.146	-1.94204
0.147	-1.93639
0.148	-1.93075
0.149	-1.9251
0.15	-1.91946
0.151	-1.91382
0.152	-1.90818
0.153	-1.90254
0.154	-1.8969
0.155	-1.89126
0.156	-1.88563
0.157	-1.87999
0.158	-1.87436
0.159	-1.86873
0.16	-1.8631
0.161	-1.85747
0.162	-1.85185
0.163	-1.84622
0.164	-1.8406
0.165	-1.83497
0.166	-1.82935
0.167	-1.82373
0.168	-1.81812
0.169	-1.8125
0.17	-1.80689
0.171	-1.80127
0.172	-1.79566
0.173	-1.79006
0.174	-1.78445
0.175	-1.77884
0.176	-1.77324
0.177	-1.76764
0.178	-1.76204
0.179	-1.75644
0.18	-1.75084
0.181	-1.74525
0.182	-1.73966
0.183	-1.73407
0.184	-1.72848
0.185	-1.72289
0.186	-1.71731
0.187	-1.71173
0.188	-1.70615
0.189	-1.70057
0.19	-1.695
0.191	-1.68942
0.192	-1.68385
0.193	-1.67828
0.194	-1.67272
0.195	-1.66715
0.196	-1.66159
0.197	-1.65603
0.198	-1.65047
0.199	-1.64492
0.2	-1.63937
0.201	-1.63382
0.202	-1.62827
0.203	-1.62272
0.204	-1.61718
0.205	-1.61164
0.206	-1.6061
0.207	-1.60057
0.208	-1.59504
0.209	-1.58951
0.21	-1.58398
0.211	-1.57846
0.212	-1.57293
0.213	-1.56741
0.214	-1.5619
0.215	-1.55639
0.216	-1.55087
0.217	-1.54537
0.218	-1.53986
0.219	-1.53436
0.22	-1.52886
0.221	-1.52337
0.222	-1.51787
0.223	-1.51238
0.224	-1.50689
0.225	-1.50141
0.226	-1.49593
0.227	-1.49045
0.228	-1.48498
0.229	-1.4795
0.23	-1.47404
0.231	-1.46857
0.232	-1.46311
0.233	-1.45765
0.234	-1.45219
0.235	-1.44674
0.236	-1.44129
0.237	-1.43584
0.238	-1.4304
0.239	-1.42496
0.24	-1.41953
0.241	-1.41409
0.242	-1.40866
0.243	-1.40324
0.244	-1.39782
0.245	-1.3924
0.246	-1.38698
0.247	-1.38157
0.248	-1.37616
0.249	-1.37076
0.25	-1.36536
0.251	-1.35996
0.252	-1.35457
0.253	-1.34918
0.254	-1.34379
0.255	-1.33841
0.256	-1.33303
0.257	-1.32766
0.258	-1.32228
0.259	-1.31692
0.26	-1.31155
0.261	-1.30619
0.262	-1.30084
0.263	-1.29549
0.264	-1.29014
0.265	-1.2848
0.266	-1.27946
0.267	-1.27412
0.268	-1.26879
0.269	-1.26346
0.27	-1.25814
0.271	-1.25282
0.272	-1.24751
0.273	-1.2422
0.274	-1.23689
0.275	-1.23159
0.276	-1.22629
0.277	-1.221
0.278	-1.21571
0.279	-1.21042
0.28	-1.20514
0.281	-1.19986
0.282	-1.19459
0.283	-1.18932
0.284	-1.18406
0.285	-1.1788
0.286	-1.17355
0.287	-1.1683
0.288	-1.16305
0.289	-1.15781
0.29	-1.15258
0.291	-1.14735
0.292	-1.14212
0.293	-1.1369
0.294	-1.13168
0.295	-1.12647
0.296	-1.12126
0.297	-1.11606
0.298	-1.11086
0.299	-1.10567
0.3	-1.10048
0.301	-1.0953
0.302	-1.09012
0.303	-1.08494
0.304	-1.07978
0.305	-1.07461
0.306	-1.06945
0.307	-1.0643
0.308	-1.05915
0.309	-1.05401
0.31	-1.04887
0.311	-1.04373
0.312	-1.03861
0.313	-1.03348
0.314	-1.02836
0.315	-1.02325
0.316	-1.01814
0.317	-1.01304
0.318	-1.00795
0.319	-1.00285
0.32	-0.997767
0.321	-0.992686
0.322	-0.987611
0.323	-0.98254
0.324	-0.977476
0.325	-0.972416
0.326	-0.967362
0.327	-0.962314
0.328	-0.957271
0.329	-0.952234
0.33	-0.947202
0.331	-0.942176
0.332	-0.937156
0.333	-0.932141
0.334	-0.927132
0.335	-0.922128
0.336	-0.917131
0.337	-0.912139
0.338	-0.907152
0.339	-0.902172
0.34	-0.897197
0.341	-0.892229
0.342	-0.887266
0.343	-0.882309
0.344	-0.877358
0.345	-0.872413
0.346	-0.867473
0.347	-0.86254
0.348	-0.857613
0.349	-0.852692
0.35	-0.847777
0.351	-0.842868
0.352	-0.837965
0.353	-0.833068
0.354	-0.828178
0.355	-0.823293
0.356	-0.818415
0.357	-0.813543
0.358	-0.808677
0.359	-0.803818
0.36	-0.798965
0.361	-0.794118
0.362	-0.789278
0.363	-0.784444
0.364	-0.779616
0.365	-0.774795
0.366	-0.76998
0.367	-0.765172
0.368	-0.76037
0.369	-0.755575
0.37	-0.750786
0.371	-0.746004
0.372	-0.741229
0.373	-0.73646
0.374	-0.731697
0.375	-0.726942
0.376	-0.722193
0.377	-0.717451
0.378	-0.712715
0.379	-0.707987
0.38	-0.703265
0.381	-0.69855
0.382	-0.693842
0.383	-0.68914
0.384	-0.684446
0.385	-0.679758
0.386	-0.675078
0.387	-0.670404
0.388	-0.665737
0.389	-0.661078
0.39	-0.656425
0.391	-0.65178
0.392	-0.647141
0.393	-0.64251
0.394	-0.637886
0.395	-0.633269
0.396	-0.628659
0.397	-0.624056
0.398	-0.619461
0.399	-0.614873
0.4	-0.610292
0.401	-0.605718
0.402	-0.601152
0.403	-0.596593
0.404	-0.592042
0.405	-0.587497
0.406	-0.582961
0.407	-0.578431
0.408	-0.57391
0.409	-0.569395
0.41	-0.564889
0.411	-0.56039
0.412	-0.555898
0.413	-0.551414
0.414	-0.546938
0.415	-0.542469
0.416	-0.538008
0.417	-0.533554
0.418	-0.529109
0.419	-0.524671
0.42	-0.520241
0.421	-0.515818
0.422	-0.511404
0.423	-0.506997
0.424	-0.502598
0.425	-0.498207
0.426	-0.493824
0.427	-0.489449
0.428	-0.485082
0.429	-0.480723
0.43	-0.476371
0.431	-0.472028
0.432	-0.467693
0.433	-0.463366
0.434	-0.459047
0.435	-0.454737
0.436	-0.450434
0.437	-0.44614
0.438	-0.441854
0.439	-0.437576
0.44	-0.433306
0.441	-0.429045
0.442	-0.424791
0.443	-0.420547
0.444	-0.41631
0.445	-0.412082
0.446	-0.407862
0.447	-0.403651
0.448	-0.399448
0.449	-0.395254
0.45	-0.391068
0.451	-0.386891
0.452	-0.382722
0.453	-0.378562
0.454	-0.37441
0.455	-0.370268
0.456	-0.366133
0.457	-0.362008
0.458	-0.357891
0.459	-0.353782
0.46	-0.349683
0.461	-0.345592
0.462	-0.34151
0.463	-0.337437
0.464	-0.333373
0.465	-0.329317
0.466	-0.325271
0.467	-0.321233
0.468	-0.317204
0.469	-0.313185
0.47	-0.309174
0.471	-0.305172
0.472	-0.301179
0.473	-0.297196
0.474	-0.293221
0.475	-0.289256
0.476	-0.285299
0.477	-0.281352
0.478	-0.277414
0.479	-0.273485
0.48	-0.269566
0.481	-0.265656
0.482	-0.261755
0.483	-0.257863
0.484	-0.25398
0.485	-0.250107
0.486	-0.246244
0.487	-0.242389
0.488	-0.238545
0.489	-0.234709
0.49	-0.230883
0.491	-0.227067
0.492	-0.22326
0.493	-0.219462
0.494	-0.215675
0.495	-0.211896
0.496	-0.208128
0.497	-0.204369
0.498	-0.200619
0.499	-0.19688
0.5	-0.19315
0.501	-0.18943
0.502	-0.185719
0.503	-0.182019
0.504	-0.178328
0.505	-0.174646
0.506	-0.170974
0.507	-0.167312
0.508	-0.163659
0.509	-0.160016
0.51	-0.156382
0.511	-0.152758
0.512	-0.149143
0.513	-0.145538
0.514	-0.141942
0.515	-0.138356
0.516	-0.134779
0.517	-0.131211
0.518	-0.127652
0.519	-0.124103
0.52	-0.120563
0.521	-0.117032
0.522	-0.11351
0.523	-0.109998
0.524	-0.106495
0.525	-0.103
0.526	-0.0995153
0.527	-0.0960393
0.528	-0.0925722
0.529	-0.0891143
0.53	-0.0856652
0.531	-0.0822252
0.532	-0.0787941
0.533	-0.0753719
0.534	-0.0719586
0.535	-0.0685541
0.536	-0.0651585
0.537	-0.0617717
0.538	-0.0583936
0.539	-0.0550243
0.54	-0.0516637
0.541	-0.0483119
0.542	-0.0449687
0.543	-0.0416341
0.544	-0.0383082
0.545	-0.0349909
0.546	-0.0316821
0.547	-0.0283819
0.548	-0.0250902
0.549	-0.0218071
0.55	-0.0185323
0.551	-0.015266
0.552	-0.0120082
0.553	-0.00875869
0.554	-0.00551758
0.555	-0.0022848
0.556	0.000939671
0.557	0.00415585
0.558	0.00736378
0.559	0.0105635
0.56	0.0137549
0.561	0.0169382
0.562	0.0201134
0.563	0.0232804
0.564	0.0264393
0.565	0.0295901
0.566	0.0327329
0.567	0.0358677
0.568	0.0389944
0.569	0.0421132
0.57	0.0452241
0.571	0.048327
0.572	0.051422
0.573	0.0545091
0.574	0.0575884
0.575	0.0606599
0.576	0.0637236
0.577	0.0667795
0.578	0.0698277
0.579	0.0728682
0.58	0.0759009
0.581	0.0789261
0.582	0.0819435
0.583	0.0849534
0.584	0.0879557
0.585	0.0909504
0.586	0.0939376
0.587	0.0969173
0.588	0.0998895
0.589	0.102854
0.59	0.105812
0.591	0.108762
0.592	0.111704
0.593	0.114639
0.594	0.117567
0.595	0.120488
0.596	0.123401
0.597	0.126307
0.598	0.129206
0.599	0.132098
0.6	0.134982
0.601	0.137859
0.602	0.140729
0.603	0.143593
0.604	0.146449
0.605	0.149298
0.606	0.15214
0.607	0.154975
0.608	0.157803
0.609	0.160624
0.61	0.163438
0.611	0.166245
0.612	0.169046
0.613	0.171839
0.614	0.174626
0.615	0.177406
0.616	0.18018
0.617	0.182946
0.618	0.185706
0.619	0.188459
0.62	0.191206
0.621	0.193946
0.622	0.196679
0.623	0.199406
0.624	0.202126
0.625	0.20484
0.626	0.207547
0.627	0.210247
0.628	0.212942
0.629	0.21563
0.63	0.218311
0.631	0.220986
0.632	0.223655
0.633	0.226317
0.634	0.228973
0.635	0.231623
0.636	0.234267
0.637	0.236905
0.638	0.239536
0.639	0.242161
0.64	0.24478
0.641	0.247393
0.642	0.25
0.643	0.2526
0.644	0.255195
0.645	0.257784
0.646	0.260367
0.647	0.262943
0.648	0.265514
0.649	0.268079
0.65	0.270638
0.651	0.273192
0.652	0.275739
0.653	0.278281
0.654	0.280817
0.655	0.283347
0.656	0.285871
0.657	0.28839
0.658	0.290903
0.659	0.29341
0.66	0.295912
0.661	0.298408
0.662	0.300899
0.663	0.303384
0.664	0.305864
0.665	0.308338
0.666	0.310807
0.667	0.31327
0.668	0.315728
0.669	0.31818
0.67	0.320628
0.671	0.323069
0.672	0.325506
0.673	0.327937
0.674	0.330363
0.675	0.332784
0.676	0.3352
0.677	0.33761
0.678	0.340015
0.679	0.342415
0.68	0.34481
0.681	0.3472
0.682	0.349585
0.683	0.351965
0.684	0.35434
0.685	0.35671
0.686	0.359075
0.687	0.361435
0.688	0.363791
0.689	0.366141
0.69	0.368487
0.691	0.370827
0.692	0.373163
0.693	0.375495
0.694	0.377821
0.695	0.380143
0.696	0.38246
0.697	0.384772
0.698	0.38708
0.699	0.389383
0.7	0.391682
0.701	0.393976
0.702	0.396266
0.703	0.398551
0.704	0.400832
0.705	0.403108
0.706	0.40538
0.707	0.407647
0.708	0.40991
0.709	0.412169
0.71	0.414423
0.711	0.416673
0.712	0.418919
0.713	0.42116
0.714	0.423398
0.715	0.425631
0.716	0.42786
0.717	0.430085
0.718	0.432306
0.719	0.434522
0.72	0.436735
0.721	0.438944
0.722	0.441148
0.723	0.443349
0.724	0.445546
0.725	0.447738
0.726	0.449927
0.727	0.452112
0.728	0.454294
0.729	0.456471
0.73	0.458644
0.731	0.460814
0.732	0.46298
0.733	0.465143
0.734	0.467301
0.735	0.469456
0.736	0.471608
0.737	0.473755
0.738	0.475899
0.739	0.47804
0.74	0.480177
0.741	0.482311
0.742	0.484441
0.743	0.486567
0.744	0.48869
0.745	0.49081
0.746	0.492926
0.747	0.49504
0.748	0.497149
0.749	0.499256
0.75	0.501359
0.751	0.503459
0.752	0.505555
0.753	0.507649
0.754	0.509739
0.755	0.511826
0.756	0.51391
0.757	0.515991
0.758	0.518069
0.759	0.520144
0.76	0.522216
0.761	0.524284
0.762	0.52635
0.763	0.528413
0.764	0.530473
0.765	0.53253
0.766	0.534585
0.767	0.536636
0.768	0.538685
0.769	0.54073
0.77	0.542774
0.771	0.544814
0.772	0.546852
0.773	0.548887
0.774	0.550919
0.775	0.552949
0.776	0.554976
0.777	0.557
0.778	0.559022
0.779	0.561042
0.78	0.563059
0.781	0.565073
0.782	0.567085
0.783	0.569095
0.784	0.571102
0.785	0.573107
0.786	0.575109
0.787	0.57711
0.788	0.579108
0.789	0.581103
0.79	0.583097
0.791	0.585088
0.792	0.587077
0.793	0.589064
0.794	0.591049
0.795	0.593031
0.796	0.595012
0.797	0.59699
0.798	0.598967
0.799	0.600941
0.8	0.602914
0.801	0.604884
0.802	0.606853
0.803	0.60882
0.804	0.610784
0.805	0.612747
0.806	0.614709
0.807	0.616668
0.808	0.618626
0.809	0.620581
0.81	0.622536
0.811	0.624488
0.812	0.626439
0.813	0.628388
0.814	0.630336
0.815	0.632282
0.816	0.634226
0.817	0.636169
0.818	0.63811
0.819	0.64005
0.82	0.641989
0.821	0.643926
0.822	0.645861
0.823	0.647795
0.824	0.649728
0.825	0.65166
0.826	0.65359
0.827	0.655519
0.828	0.657447
0.829	0.659373
0.83	0.661298
0.831	0.663222
0.832	0.665145
0.833	0.667067
0.834	0.668988
0.835	0.670908
0.836	0.672826
0.837	0.674744
0.838	0.676661
0.839	0.678576
0.84	0.680491
0.841	0.682405
0.842	0.684318
0.843	0.68623
0.844	0.688141
0.845	0.690051
0.846	0.691961
0.847	0.69387
0.848	0.695778
0.849	0.697686
0.85	0.699592
0.851	0.701498
0.852	0.703404
0.853	0.705309
0.854	0.707213
0.855	0.709117
0.856	0.71102
0.857	0.712923
0.858	0.714825
0.859	0.716727
0.86	0.718628
0.861	0.720529
0.862	0.72243
0.863	0.72433
0.864	0.72623
0.865	0.72813
0.866	0.73003
0.867	0.731929
0.868	0.733828
0.869	0.735727
0.87	0.737625
0.871	0.739524
0.872	0.741422
0.873	0.743321
0.874	0.745219
0.875	0.747117
0.876	0.749015
0.877	0.750914
0.878	0.752812
0.879	0.75471
0.88	0.756609
0.881	0.758508
0.882	0.760406
0.883	0.762305
0.884	0.764204
0.885	0.766104
0.886	0.768003
0.887	0.769903
0.888	0.771804
0.889	0.773704
0.89	0.775605
0.891	0.777506
0.892	0.779408
0.893	0.78131
0.894	0.783213
0.895	0.785116
0.896	0.78702
0.897	0.788924
0.898	0.790829
0.899	0.792734
0.9	0.79464
0.901	0.796547
0.902	0.798454
0.903	0.800362
0.904	0.80227
0.905	0.804179
0.906	0.806089
0.907	0.808
0.908	0.809911
0.909	0.811822
0.91	0.813734
0.911	0.815647
0.912	0.817561
0.913	0.819475
0.914	0.821389
0.915	0.823304
0.916	0.82522
0.917	0.827137
0.918	0.829053
0.919	0.830971
0.92	0.832889
0.921	0.834808
0.922	0.836727
0.923	0.838646
0.924	0.840567
0.925	0.842488
0.926	0.844409
0.927	0.846331
0.928	0.848253
0.929	0.850176
0.93	0.852099
0.931	0.854023
0.932	0.855948
0.933	0.857873
0.934	0.859798
0.935	0.861724
0.936	0.863651
0.937	0.865578
0.938	0.867505
0.939	0.869433
0.94	0.871361
0.941	0.87329
0.942	0.87522
0.943	0.877149
0.944	0.87908
0.945	0.88101
0.946	0.882942
0.947	0.884873
0.948	0.886805
0.949	0.888738
0.95	0.890671
0.951	0.892604
0.952	0.894538
0.953	0.896472
0.954	0.898407
0.955	0.900342
0.956	0.902277
0.957	0.904213
0.958	0.906149
0.959	0.908086
0.96	0.910023
0.961	0.91196
0.962	0.913898
0.963	0.915836
0.964	0.917774
0.965	0.919713
0.966	0.921653
0.967	0.923592
0.968	0.925532
0.969	0.927472
0.97	0.929413
0.971	0.931354
0.972	0.933295
0.973	0.935237
0.974	0.937179
0.975	0.939121
0.976	0.941064
0.977	0.943007
0.978	0.94495
0.979	0.946894
0.98	0.948838
0.981	0.950782
0.982	0.952726
0.983	0.954671
0.984	0.956616
0.985	0.958561
0.986	0.960507
0.987	0.962453
0.988	0.964399
0.989	0.966345
0.99	0.968292
0.991	0.970239
0.992	0.972186
0.993	0.974134
0.994	0.976081
0.995	0.978029
0.996	0.979977
0.997	0.981926
0.998	0.983874
0.999	0.985823
1	0.987772
1.001	0.989721
1.002	0.991671
1.003	0.99362
1.004	0.99557
1.005	0.99752
1.006	0.99947
1.007	1.00142
1.008	1.00337
1.009	1.00532
1.01	1.00727
1.011	1.00922
1.012	1.01118
1.013	1.01313
1.014	1.01508
1.015	1.01703
1.016	1.01898
1.017	1.02093
1.018	1.02289
1.019	1.02484
1.02	1.02679
1.021	1.02874
1.022	1.0307
1.023	1.03265
1.024	1.0346
1.025	1.03655
1.026	1.03851
1.027	1.04046
1.028	1.04241
1.029	1.04437
1.03	1.04632
1.031	1.04827
1.032	1.05023
1.033	1.05218
1.034	1.05413
1.035	1.05609
1.036	1.05804
1.037	1.06
1.038	1.06195
1.039	1.0639
1.04	1.06586
1.041	1.06781
1.042	1.06977
1.043	1.07172
1.044	1.07367
1.045	1.07563
1.046	1.07758
1.047	1.07954
1.048	1.08149
1.049	1.08345
1.05	1.0854
1.051	1.08735
1.052	1.08931
1.053	1.09126
1.054	1.09322
1.055	1.09517
1.056	1.09712
1.057	1.09908
1.058	1.10103
1.059	1.10299
1.06	1.10494
1.061	1.10689
1.062	1.10885
1.063	1.1108
1.064	1.11276
1.065	1.11471
1.066	1.11666
1.067	1.11862
1.068	1.12057
1.069	1.12252
1.07	1.12448
1.071	1.12643
1.072	1.12838
1.073	1.13034
1.074	1.13229
1.075	1.13424
1.076	1.13619
1.077	1.13815
1.078	1.1401
1.079	1.14205
1.08	1.144
1.081	1.14595
1.082	1.14791
1.083	1.14986
1.084	1.15181
1.085	1.15376
1.086	1.15571
1.087	1.15766
1.088	1.15961
1.089	1.16157
1.09	1.16352
1.091	1.16547
1.092	1.16742
1.093	1.16937
1.094	1.17132
1.095	1.17327
1.096	1.17521
1.097	1.17716
1.098	1.17911
1.099	1.18106
1.1	1.18301
1.101	1.18496
1.102	1.18691
1.103	1.18885
1.104	1.1908
1.105	1.19275
1.106	1.1947
1.107	1.19664
1.108	1.19859
1.109	1.20054
1.11	1.20248
1.111	1.20443
1.112	1.20637
1.113	1.20832
1.114	1.21026
1.115	1.21221
1.116	1.21415
1.117	1.2161
1.118	1.21804
1.119	1.21998
1.12	1.22193
1.121	1.22387
1.122	1.22581
1.123	1.22776
1.124	1.2297
1.125	1.23164
1.126	1.23358
1.127	1.23552
1.128	1.23746
1.129	1.2394
1.13	1.24134
1.131	1.24328
1.132	1.24522
1.133	1.24716
1.134	1.2491
1.135	1.25104
1.136	1.25297
1.137	1.25491
1.138	1.25685
1.139	1.25878
1.14	1.26072
1.141	1.26266
1.142	1.26459
1.143	1.26653
1.144	1.26846
1.145	1.2704
1.146	1.27233
1.147	1.27426
1.148	1.2762
1.149	1.27813
1.15	1.28006
1.151	1.28199
1.152	1.28392
1.153	1.28585
1.154	1.28778
1.155	1.28971
1.156	1.29164
1.157	1.29357
1.158	1.2955
1.159	1.29743
1.16	1.29935
1.161	1.30128
1.162	1.30321
1.163	1.30513
1.164	1.30706
1.165	1.30898
1.166	1.31091
1.167	1.31283
1.168	1.31476
1.169	1.31668
1.17	1.3186
1.171	1.32052
1.172	1.32244
1.173	1.32436
1.174	1.32628
1.175	1.3282
1.176	1.33012
1.177	1.33204
1.178	1.33396
1.179	1.33588
1.18	1.33779
1.181	1.33971
1.182	1.34163
1.183	1.34354
1.184	1.34545
1.185	1.34737
1.186	1.34928
1.187	1.35119
1.188	1.35311
1.189	1.35502
1.19	1.35693
1.191	1.35884
1.192	1.36075
1.193	1.36266
1.194	1.36457
1.195	1.36647
1.196	1.36838
1.197	1.37029
1.198	1.37219
1.199	1.3741
1.2	1.376
1.201	1.37791
1.202	1.37981
1.203	1.38171
1.204	1.38361
1.205	1.38552
1.206	1.38742
1.207	1.38932
1.208	1.39122
1.209	1.39311
1.21	1.39501
1.211	1.39691
1.212	1.39881
1.213	1.4007
1.214	1.4026
1.215	1.40449
1.216	1.40638
1.217	1.40828
1.218	1.41017
1.219	1.41206
1.22	1.41395
1.221	1.41584
1.222	1.41773
1.223	1.41962
1.224	1.4215
1.225	1.42339
1.226	1.42528
1.227	1.42716
1.228	1.42905
1.229	1.43093
1.23	1.43281
1.231	1.4347
1.232	1.43658
1.233	1.43846
1.234	1.44034
1.235	1.44222
1.236	1.44409
1.237	1.44597
1.238	1.44785
1.239	1.44972
1.24	1.4516
1.241	1.45347
1.242	1.45534
1.243	1.45722
1.244	1.45909
1.245	1.46096
1.246	1.46283
1.247	1.4647
1.248	1.46656
1.249	1.46843
1.25	1.4703
1.251	1.47216
1.252	1.47403
1.253	1.47589
1.254	1.47775
1.255	1.47962
1.256	1.48148
1.257	1.48334
1.258	1.4852
1.259	1.48705
1.26	1.48891
1.261	1.49077
1.262	1.49262
1.263	1.49448
1.264	1.49633
1.265	1.49818
1.266	1.50004
1.267	1.50189
1.268	1.50374
1.269	1.50558
1.27	1.50743
1.271	1.50928
1.272	1.51113
1.273	1.51297
1.274	1.51481
1.275	1.51666
1.276	1.5185
1.277	1.52034
1.278	1.52218
1.279	1.52402
1.28	1.52586
1.281	1.52769
1.282	1.52953
1.283	1.53137
1.284	1.5332
1.285	1.53503
1.286	1.53686
1.287	1.53869
1.288	1.54052
1.289	1.54235
1.29	1.54418
1.291	1.54601
1.292	1.54783
1.293	1.54966
1.294	1.55148
1.295	1.5533
1.296	1.55513
1.297	1.55695
1.298	1.55876
1.299	1.56058
1.3	1.5624
1.301	1.56422
1.302	1.56603
1.303	1.56784
1.304	1.56966
1.305	1.57147
1.306	1.57328
1.307	1.57509
1.308	1.5769
1.309	1.5787
1.31	1.58051
1.311	1.58232
1.312	1.58412
1.313	1.58592
1.314	1.58772
1.315	1.58953
1.316	1.59133
1.317	1.59312
1.318	1.59492
1.319	1.59672
1.32	1.59851
1.321	1.60031
1.322	1.6021
1.323	1.60389
1.324	1.60569
1.325	1.60748
1.326	1.60927
1.327	1.61105
1.328	1.61284
1.329	1.61463
1.33	1.61641
1.331	1.6182
1.332	1.61998
1.333	1.62176
1.334	1.62355
1.335	1.62533
1.336	1.62711
1.337	1.62888
1.338	1.63066
1.339	1.63244
1.34	1.63421
1.341	1.63599
1.342	1.63776
1.343	1.63953
1.344	1.6413
1.345	1.64307
1.346	1.64484
1.347	1.64661
1.348	1.64838
1.349	1.65015
1.35	1.65191
1.351	1.65368
1.352	1.65544
1.353	1.6572
1.354	1.65897
1.355	1.66073
1.356	1.66249
1.357	1.66425
1.358	1.666
1.359	1.66776
1.36	1.66952
1.361	1.67127
1.362	1.67303
1.363	1.67478
1.364	1.67653
1.365	1.67828
1.366	1.68003
1.367	1.68178
1.368	1.68353
1.369	1.68528
1.37	1.68703
1.371	1.68877
1.372	1.69052
1.373	1.69226
1.374	1.69401
1.375	1.69575
1.376	1.69749
1.377	1.69923
1.378	1.70097
1.379	1.70271
1.38	1.70445
1.381	1.70619
1.382	1.70792
1.383	1.70966
1.384	1.71139
1.385	1.71313
1.386	1.71486
1.387	1.71659
1.388	1.71832
1.389	1.72005
1.39	1.72178
1.391	1.72351
1.392	1.72524
1.393	1.72696
1.394	1.72869
1.395	1.73042
1.396	1.73214
1.397	1.73386
1.398	1.73559
1.399	1.73731
1.4	1.73903
1.401	1.74075
1.402	1.74247
1.403	1.74419
1.404	1.74591
1.405	1.74762
1.406	1.74934
1.407	1.75105
1.408	1.75277
1.409	1.75448
1.41	1.7562
1.411	1.75791
1.412	1.75962
1.413	1.76133
1.414	1.76304
1.415	1.76475
1.416	1.76646
1.417	1.76816
1.418	1.76987
1.419	1.77158
1.42	1.77328
1.421	1.77499
1.422	1.77669
1.423	1.77839
1.424	1.7801
1.425	1.7818
1.426	1.7835
1.427	1.7852
1.428	1.7869
1.429	1.7886
1.43	1.79029
1.431	1.79199
1.432	1.79369
1.433	1.79538
1.434	1.79708
1.435	1.79877
1.436	1.80046
1.437	1.80216
1.438	1.80385
1.439	1.80554
1.44	1.80723
1.441	1.80892
1.442	1.81061
1.443	1.8123
1.444	1.81398
1.445	1.81567
1.446	1.81736
1.447	1.81904
1.448	1.82073
1.449	1.82241
1.45	1.82409
1.451	1.82578
1.452	1.82746
1.453	1.82914
1.454	1.83082
1.455	1.8325
1.456	1.83418
1.457	1.83586
1.458	1.83754
1.459	1.83921
1.46	1.84089
1.461	1.84257
1.462	1.84424
1.463	1.84592
1.464	1.84759
1.465	1.84926
1.466	1.85094
1.467	1.85261
1.468	1.85428
1.469	1.85595
1.47	1.85762
1.471	1.85929
1.472	1.86096
1.473	1.86263
1.474	1.8643
1.475	1.86596
1.476	1.86763
1.477	1.8693
1.478	1.87096
1.479	1.87263
1.48	1.87429
1.481	1.87595
1.482	1.87762
1.483	1.87928
1.484	1.88094
1.485	1.8826
1.486	1.88426
1.487	1.88592
1.488	1.88758
1.489	1.88924
1.49	1.8909
1.491	1.89256
1.492	1.89421
1.493	1.89587
1.494	1.89752
1.495	1.89918
1.496	1.90083
1.497	1.90249
1.498	1.90414
1.499	1.9058
1.5	1.90745
1.501	1.9091
1.502	1.91075
1.503	1.9124
1.504	1.91405
1.505	1.9157
1.506	1.91735
1.507	1.919
1.508	1.92065
1.509	1.9223
1.51	1.92394
1.511	1.92559
1.512	1.92724
1.513	1.92888
1.514	1.93053
1.515	1.93217
1.516	1.93382
1.517	1.93546
1.518	1.9371
1.519	1.93875
1.52	1.94039
1.521	1.94203
1.522	1.94367
1.523	1.94531
1.524	1.94695
1.525	1.94859
1.526	1.95023
1.527	1.95187
1.528	1.95351
1.529	1.95514
1.53	1.95678
1.531	1.95842
1.532	1.96006
1.533	1.96169
1.534	1.96333
1.535	1.96496
1.536	1.9666
1.537	1.96823
1.538	1.96986
1.539	1.9715
1.54	1.97313
1.541	1.97476
1.542	1.97639
1.543	1.97803
1.544	1.97966
1.545	1.98129
1.546	1.98292
1.547	1.98455
1.548	1.98618
1.549	1.98781
1.55	1.98943
1.551	1.99106
1.552	1.99269
1.553	1.99432
1.554	1.99594
1.555	1.99757
1.556	1.9992
1.557	2.00082
1.558	2.00245
1.559	2.00407
1.56	2.0057
1.561	2.00732
1.562	2.00894
1.563	2.01057
1.564	2.01219
1.565	2.01381
1.566	2.01544
1.567	2.01706
1.568	2.01868
1.569	2.0203
1.57	2.02192
1.571	2.02354
1.572	2.02516
1.573	2.02678
1.574	2.0284
1.575	2.03002
1.576	2.03164
1.577	2.03326
1.578	2.03488
1.579	2.03649
1.58	2.03811
1.581	2.03973
1.582	2.04134
1.583	2.04296
1.584	2.04458
1.585	2.04619
1.586	2.04781
1.587	2.04942
1.588	2.05104
1.589	2.05265
1.59	2.05427
1.591	2.05588
1.592	2.05749
1.593	2.05911
1.594	2.06072
1.595	2.06233
1.596	2.06395
1.597	2.06556
1.598	2.06717
1.599	2.06878
1.6	2.07039
1.601	2.072
1.602	2.07361
1.603	2.07523
1.604	2.07684
1.605	2.07845
1.606	2.08006
1.607	2.08166
1.608	2.08327
1.609	2.08488
1.61	2.08649
1.611	2.0881
1.612	2.08971
1.613	2.09132
1.614	2.09292
1.615	2.09453
1.616	2.09614
1.617	2.09775
1.618	2.09935
1.619	2.10096
1.62	2.10257
1.621	2.10417
1.622	2.10578
1.623	2.10738
1.624	2.10899
1.625	2.11059
1.626	2.1122
1.627	2.1138
1.628	2.11541
1.629	2.11701
1.63	2.11862
1.631	2.12022
1.632	2.12183
1.633	2.12343
1.634	2.12503
1.635	2.12664
1.636	2.12824
1.637	2.12984
1.638	2.13145
1.639	2.13305
1.64	2.13465
1.641	2.13625
1.642	2.13786
1.643	2.13946
1.644	2.14106
1.645	2.14266
1.646	2.14426
1.647	2.14586
1.648	2.14747
1.649	2.14907
1.65	2.15067
1.651	2.15227
1.652	2.15387
1.653	2.15547
1.654	2.15707
1.655	2.15867
1.656	2.16027
1.657	2.16187
1.658	2.16347
1.659	2.16507
1.66	2.16667
1.661	2.16827
1.662	2.16987
1.663	2.17147
1.664	2.17307
1.665	2.17467
1.666	2.17627
1.667	2.17787
1.668	2.17946
1.669	2.18106
1.67	2.18266
1.671	2.18426
1.672	2.18586
1.673	2.18746
1.674	2.18906
1.675	2.19066
1.676	2.19225
1.677	2.19385
1.678	2.19545
1.679	2.19705
1.68	2.19865
1.681	2.20024
1.682	2.20184
1.683	2.20344
1.684	2.20504
1.685	2.20664
1.686	2.20823
1.687	2.20983
1.688	2.21143
1.689	2.21303
1.69	2.21462
1.691	2.21622
1.692	2.21782
1.693	2.21942
1.694	2.22101
1.695	2.22261
1.696	2.22421
1.697	2.22581
1.698	2.2274
1.699	2.229
1.7	2.2306
